   1  29   1   0  0.5987801E+02  0.3000000E+03
  CAR 
 unknown system                          
   0   0   0
   1   1
 256 256 256
 256
  0.1000000E-09
  0.6250000E-11
   1
  0.5000000E-15  0.7657967E-09  0.7657967E-09  0.2961000E-08
  0.2997080E+03  0.3095236E+03
  0.000
  0.000
  0.000
  0.000
  0.000
  0.000
  0.000
  0.000
  0.000
  0.000
  0.000
  0.000
  0.000
  0.000
  0.000
  0.000
  0.000
  0.119
  2.925
  0.810
  0.000
  0.000
  0.000
  0.000
  0.000
  0.000
  0.000
  0.234
  0.280
  0.165
  0.144
  0.205
  0.236
  0.168
  0.020
  0.000
  0.000
  0.238
  1.744
  5.915
 70.253
 11.129
  6.109
  3.321
  1.483
  0.700
  0.400
  0.278
  0.446
  0.342
  0.454
  0.618
  0.521
  0.560
  0.629
  1.025
  1.130
 16.608
  1.868
  1.561
  0.908
  0.700
  0.554
  0.648
  0.560
  0.452
  0.551
  0.889
  2.362
  4.200
 26.714
  6.384
  4.193
  2.473
  1.369
  0.795
  0.395
  0.207
  0.285
  0.742
  1.723
 10.346
  2.693
  1.712
  0.978
  0.768
  0.711
  0.833
  1.139
  1.736
  2.257
 19.852
  1.870
  1.318
  0.979
  0.701
  0.608
  0.656
  0.913
  1.450
  1.440
  1.137
  0.897
  0.740
  0.803
  1.398
  2.300
  3.809
 12.419
  2.686
  1.655
  1.091
  0.596
  0.434
  0.404
  4.055
  0.380
  0.382
  0.507
  0.741
  1.110
  1.513
  8.424
  1.653
  1.088
  0.900
  0.817
  1.081
  1.391
  7.279
  1.114
  0.851
  0.759
  0.845
  0.884
  1.037
  0.768
  0.567
  0.582
  0.732
  1.064
  1.452
  1.245
  0.963
  1.127
  1.373
  1.834
 13.325
  1.466
  0.975
  0.648
  0.394
  0.268
  0.264
  0.407
  0.732
  1.266
  1.806
  5.896
  1.386
  0.885
  0.720
  0.641
  2.389
  0.484
  0.443
  0.408
  0.469
  3.940
  0.472
  0.556
  0.549
  0.621
  0.777
  0.772
  0.922
  1.072
  1.480
  4.631
  1.098
  0.909
  0.821
  3.761
  0.744
  0.692
  0.733
  0.860
  3.757
  0.761
  0.681
  0.733
  0.865
  0.793
  0.679
  0.686
  3.383
  0.703
  0.449
  0.343
  0.249
  0.256
  0.392
  0.579
  0.829
  5.605
  0.735
  0.554
  0.490
  2.785
  0.715
  0.987
  1.284
  3.686
  1.175
  0.899
  0.872
  0.800
  0.567
  0.414
  2.392
  0.326
  0.269
  0.272
  0.286
  0.438
  0.580
  0.794
  2.964
  0.778
  0.527
  0.469
  1.372
  0.579
  0.735
  4.609
  0.923
  0.780
  0.745
  2.363
  0.484
  0.355
  0.328
  0.364
  0.443
  0.553
  0.632
  0.620
  0.641
  3.907
  0.590
  0.464
  0.489
  0.501
  0.453
  0.540
  0.578
